% Intrinsic and Extrinsic Camera Parameters
%
% This script file can be directly excecuted under Matlab to recover the camera intrinsic and extrinsic parameters.
% IMPORTANT: This file contains neither the structure of the calibration objects nor the image coordinates of the calibration points.
%            All those complementary variables are saved in the complete matlab data file Calib_Results.mat.
% For more information regarding the calibration model visit http://www.vision.caltech.edu/bouguetj/calib_doc/


%-- Focal length:
fc = [ 543.754086010083820 ; 543.970448670521820 ];

%-- Principal point:
cc = [ 309.379199861766150 ; 232.435607277930670 ];

%-- Skew coefficient:
alpha_c = 0.000000000000000;

%-- Distortion coefficients:
kc = [ -0.129478636447457 ; 0.159064337078514 ; 0.000058280747042 ; 0.001611188418807 ; 0.000000000000000 ];

%-- Focal length uncertainty:
fc_error = [ 0.627304826021966 ; 0.673268343578282 ];

%-- Principal point uncertainty:
cc_error = [ 1.034717625910542 ; 0.978919604267322 ];

%-- Skew coefficient uncertainty:
alpha_c_error = 0.000000000000000;

%-- Distortion coefficients uncertainty:
kc_error = [ 0.003413991803564 ; 0.011139264251662 ; 0.000448546948068 ; 0.000475152924608 ; 0.000000000000000 ];

%-- Image size:
nx = 640;
ny = 480;


%-- Various other variables (may be ignored if you do not use the Matlab Calibration Toolbox):
%-- Those variables are used to control which intrinsic parameters should be optimized

n_ima = 32;						% Number of calibration images
est_fc = [ 1 ; 1 ];					% Estimation indicator of the two focal variables
est_aspect_ratio = 1;				% Estimation indicator of the aspect ratio fc(2)/fc(1)
center_optim = 1;					% Estimation indicator of the principal point
est_alpha = 0;						% Estimation indicator of the skew coefficient
est_dist = [ 1 ; 1 ; 1 ; 1 ; 0 ];	% Estimation indicator of the distortion coefficients


%-- Extrinsic parameters:
%-- The rotation (omc_kk) and the translation (Tc_kk) vectors for every calibration image and their uncertainties

%-- Image #1:
omc_1 = [ -1.653408e+00 ; -1.671740e+00 ; -9.543120e-01 ];
Tc_1  = [ -1.160047e+02 ; -8.379369e+01 ; 2.738251e+02 ];
omc_error_1 = [ 1.184924e-03 ; 1.866165e-03 ; 2.238723e-03 ];
Tc_error_1  = [ 5.390744e-01 ; 5.153867e-01 ; 5.080063e-01 ];

%-- Image #2:
omc_2 = [ -2.300694e+00 ; 1.758941e-02 ; 5.750530e-02 ];
Tc_2  = [ -6.404554e+01 ; 7.014732e+01 ; 5.796653e+02 ];
omc_error_2 = [ 1.879549e-03 ; 9.908400e-04 ; 2.407711e-03 ];
Tc_error_2  = [ 1.100482e+00 ; 1.041480e+00 ; 5.985938e-01 ];

%-- Image #3:
omc_3 = [ -2.494927e+00 ; -1.816319e-01 ; 3.454873e-01 ];
Tc_3  = [ -2.218937e+01 ; 6.990382e+01 ; 8.971577e+02 ];
omc_error_3 = [ 2.457356e-03 ; 1.092153e-03 ; 3.312473e-03 ];
Tc_error_3  = [ 1.712576e+00 ; 1.614431e+00 ; 1.079593e+00 ];

%-- Image #4:
omc_4 = [ -2.205774e+00 ; 1.860035e+00 ; -5.473256e-01 ];
Tc_4  = [ 9.023829e+01 ; 5.978687e+01 ; 8.094351e+02 ];
omc_error_4 = [ 2.595058e-03 ; 1.847229e-03 ; 4.490257e-03 ];
Tc_error_4  = [ 1.542224e+00 ; 1.459518e+00 ; 1.061685e+00 ];

%-- Image #5:
omc_5 = [ 1.549592e+00 ; -2.090902e+00 ; 2.444721e-01 ];
Tc_5  = [ 1.942619e+02 ; 1.152530e+02 ; 6.065318e+02 ];
omc_error_5 = [ 1.593407e-03 ; 2.265775e-03 ; 3.482228e-03 ];
Tc_error_5  = [ 1.202372e+00 ; 1.133564e+00 ; 1.050044e+00 ];

%-- Image #6:
omc_6 = [ 2.132204e+00 ; -1.607757e+00 ; -1.854730e-01 ];
Tc_6  = [ -1.357660e+00 ; 9.877539e+01 ; 5.812430e+02 ];
omc_error_6 = [ 2.006494e-03 ; 1.540484e-03 ; 3.295903e-03 ];
Tc_error_6  = [ 1.111275e+00 ; 1.048263e+00 ; 1.000854e+00 ];

%-- Image #7:
omc_7 = [ 2.466639e+00 ; -1.790839e-01 ; 8.277296e-02 ];
Tc_7  = [ -9.967633e+01 ; 1.563720e+02 ; 5.623228e+02 ];
omc_error_7 = [ 2.172405e-03 ; 9.951865e-04 ; 3.017365e-03 ];
Tc_error_7  = [ 1.092732e+00 ; 1.047961e+00 ; 1.003099e+00 ];

%-- Image #8:
omc_8 = [ 2.568323e+00 ; -9.421226e-01 ; -6.405518e-01 ];
Tc_8  = [ 8.471601e-01 ; 1.836136e+02 ; 6.478712e+02 ];
omc_error_8 = [ 2.367261e-03 ; 9.623817e-04 ; 3.456417e-03 ];
Tc_error_8  = [ 1.251466e+00 ; 1.173099e+00 ; 1.076840e+00 ];

%-- Image #9:
omc_9 = [ -2.690990e+00 ; 9.651117e-01 ; 7.302084e-01 ];
Tc_9  = [ 1.181163e+02 ; 1.501047e+02 ; 8.164759e+02 ];
omc_error_9 = [ 2.740653e-03 ; 1.475559e-03 ; 4.140216e-03 ];
Tc_error_9  = [ 1.574456e+00 ; 1.481653e+00 ; 1.097747e+00 ];

%-- Image #10:
omc_10 = [ -2.572318e+00 ; 6.907679e-01 ; 2.510211e-01 ];
Tc_10  = [ -6.499116e+00 ; 1.351966e+02 ; 9.545901e+02 ];
omc_error_10 = [ 2.813640e-03 ; 1.409605e-03 ; 4.186093e-03 ];
Tc_error_10  = [ 1.821376e+00 ; 1.729563e+00 ; 1.205394e+00 ];

%-- Image #11:
omc_11 = [ -2.610861e+00 ; 3.567273e-02 ; -8.675291e-02 ];
Tc_11  = [ -1.596821e+02 ; 1.101545e+02 ; 9.691547e+02 ];
omc_error_11 = [ 2.870861e-03 ; 1.104024e-03 ; 4.154175e-03 ];
Tc_error_11  = [ 1.848103e+00 ; 1.765070e+00 ; 1.358733e+00 ];

%-- Image #12:
omc_12 = [ -2.622904e+00 ; -6.917798e-01 ; -4.322071e-01 ];
Tc_12  = [ -1.818064e+02 ; 7.593543e+01 ; 9.299269e+02 ];
omc_error_12 = [ 2.936622e-03 ; 1.531279e-03 ; 4.362077e-03 ];
Tc_error_12  = [ 1.774893e+00 ; 1.689167e+00 ; 1.418661e+00 ];

%-- Image #13:
omc_13 = [ 2.002138e+00 ; -1.413547e+00 ; 3.949141e-01 ];
Tc_13  = [ 5.169448e+01 ; 1.713695e+02 ; 7.787614e+02 ];
omc_error_13 = [ 2.064230e-03 ; 1.898231e-03 ; 3.278887e-03 ];
Tc_error_13  = [ 1.509039e+00 ; 1.430418e+00 ; 1.390582e+00 ];

%-- Image #14:
omc_14 = [ 1.993793e+00 ; -1.925800e+00 ; -6.796323e-02 ];
Tc_14  = [ 7.245315e+01 ; 1.890501e+02 ; 6.960140e+02 ];
omc_error_14 = [ 2.406773e-03 ; 2.115119e-03 ; 4.454432e-03 ];
Tc_error_14  = [ 1.360418e+00 ; 1.265426e+00 ; 1.354737e+00 ];

%-- Image #15:
omc_15 = [ 2.673902e+00 ; 1.206809e-02 ; -2.368890e-02 ];
Tc_15  = [ -6.302754e+01 ; 2.282369e+02 ; 7.032527e+02 ];
omc_error_15 = [ 3.070630e-03 ; 9.854781e-04 ; 4.662596e-03 ];
Tc_error_15  = [ 1.381533e+00 ; 1.327287e+00 ; 1.312483e+00 ];

%-- Image #16:
omc_16 = [ 2.818849e+00 ; -4.781945e-01 ; 5.482546e-01 ];
Tc_16  = [ -8.399053e+01 ; 2.335006e+02 ; 7.828937e+02 ];
omc_error_16 = [ 3.437681e-03 ; 1.256645e-03 ; 5.329440e-03 ];
Tc_error_16  = [ 1.535055e+00 ; 1.452080e+00 ; 1.439429e+00 ];

%-- Image #17:
omc_17 = [ 2.816699e+00 ; -1.305574e+00 ; -7.594582e-02 ];
Tc_17  = [ -3.499184e+01 ; 1.235669e+02 ; 8.697740e+02 ];
omc_error_17 = [ 4.836829e-03 ; 2.117234e-03 ; 9.140642e-03 ];
Tc_error_17  = [ 1.657627e+00 ; 1.572529e+00 ; 1.671936e+00 ];

%-- Image #18:
omc_18 = [ 3.099286e+00 ; -5.728169e-02 ; 1.353368e-01 ];
Tc_18  = [ -2.436451e+02 ; 5.864507e+01 ; 8.692055e+02 ];
omc_error_18 = [ 5.248244e-03 ; 1.161461e-03 ; 9.650837e-03 ];
Tc_error_18  = [ 1.668487e+00 ; 1.601031e+00 ; 1.753344e+00 ];

%-- Image #19:
omc_19 = [ 3.059488e+00 ; 2.315506e-02 ; -5.170738e-01 ];
Tc_19  = [ 1.417436e+02 ; 5.347058e+01 ; 8.594020e+02 ];
omc_error_19 = [ 5.059931e-03 ; 1.302511e-03 ; 8.995508e-03 ];
Tc_error_19  = [ 1.672827e+00 ; 1.567251e+00 ; 1.582456e+00 ];

%-- Image #20:
omc_20 = [ 2.626768e+00 ; 1.183799e-01 ; -1.271164e+00 ];
Tc_20  = [ -4.174936e+01 ; 1.316602e+02 ; 5.783182e+02 ];
omc_error_20 = [ 2.063632e-03 ; 1.284087e-03 ; 2.697018e-03 ];
Tc_error_20  = [ 1.104931e+00 ; 1.037146e+00 ; 7.482682e-01 ];

%-- Image #21:
omc_21 = [ 2.367637e+00 ; 3.043207e-02 ; -9.563564e-02 ];
Tc_21  = [ -3.422798e+01 ; 1.588050e+02 ; 5.128233e+02 ];
omc_error_21 = [ 2.018787e-03 ; 1.004990e-03 ; 2.730902e-03 ];
Tc_error_21  = [ 1.003818e+00 ; 9.537852e-01 ; 8.692363e-01 ];

%-- Image #22:
omc_22 = [ -2.577220e+00 ; -5.294108e-02 ; 9.007863e-02 ];
Tc_22  = [ -9.781284e+01 ; 1.606305e+02 ; 7.007570e+02 ];
omc_error_22 = [ 2.218873e-03 ; 9.713062e-04 ; 3.081119e-03 ];
Tc_error_22  = [ 1.351408e+00 ; 1.273305e+00 ; 8.938293e-01 ];

%-- Image #23:
omc_23 = [ 2.767189e+00 ; -7.321136e-02 ; 1.161654e+00 ];
Tc_23  = [ -1.224518e+02 ; 1.323015e+02 ; 4.842248e+02 ];
