ITG3200_PX1=-0.13737
ITG3200_PX2=4.1417
ITG3200_PY1=0.068743
ITG3200_PY2=-2.1232
ITG3200_PZ1=-0.036341
ITG3200_PZ2=1.0349

