% Intrinsic and Extrinsic Camera Parameters
%
% This script file can be directly excecuted under Matlab to recover the camera intrinsic and extrinsic parameters.
% IMPORTANT: This file contains neither the structure of the calibration objects nor the image coordinates of the calibration points.
%            All those complementary variables are saved in the complete matlab data file Calib_Results.mat.
% For more information regarding the calibration model visit http://www.vision.caltech.edu/bouguetj/calib_doc/


%-- Focal length:
fc = [ 539.894254313487750 ; 539.829299826627220 ];

%-- Principal point:
cc = [ 313.686903842557000 ; 247.897621801045890 ];

%-- Skew coefficient:
alpha_c = 0.000000000000000;

%-- Distortion coefficients:
kc = [ -0.129343773735947 ; 0.209215341919073 ; 0.000854249738953 ; 0.001737185754904 ; 0.000000000000000 ];

%-- Focal length uncertainty:
fc_error = [ 1.254586139781724 ; 1.282705295788606 ];

%-- Principal point uncertainty:
cc_error = [ 1.514751788561562 ; 1.499050158047298 ];

%-- Skew coefficient uncertainty:
alpha_c_error = 0.000000000000000;

%-- Distortion coefficients uncertainty:
kc_error = [ 0.005723346724034 ; 0.022966803552318 ; 0.000724545858729 ; 0.000661725515159 ; 0.000000000000000 ];

%-- Image size:
nx = 640;
ny = 480;


%-- Various other variables (may be ignored if you do not use the Matlab Calibration Toolbox):
%-- Those variables are used to control which intrinsic parameters should be optimized

n_ima = 30;						% Number of calibration images
est_fc = [ 1 ; 1 ];					% Estimation indicator of the two focal variables
est_aspect_ratio = 1;				% Estimation indicator of the aspect ratio fc(2)/fc(1)
center_optim = 1;					% Estimation indicator of the principal point
est_alpha = 0;						% Estimation indicator of the skew coefficient
est_dist = [ 1 ; 1 ; 1 ; 1 ; 0 ];	% Estimation indicator of the distortion coefficients


%-- Extrinsic parameters:
%-- The rotation (omc_kk) and the translation (Tc_kk) vectors for every calibration image and their uncertainties

%-- Image #1:
omc_1 = [ 2.454688e+00 ; 6.676120e-01 ; -5.934497e-01 ];
Tc_1  = [ -1.398608e+02 ; 9.538555e+00 ; 5.034267e+02 ];
omc_error_1 = [ 2.855461e-03 ; 1.872405e-03 ; 3.703894e-03 ];
Tc_error_1  = [ 1.409381e+00 ; 1.403177e+00 ; 1.357703e+00 ];

%-- Image #2:
omc_2 = [ 2.773062e+00 ; 3.015285e-03 ; -1.787678e-01 ];
Tc_2  = [ -1.135071e+02 ; 8.775211e+01 ; 5.144645e+02 ];
omc_error_2 = [ 3.227421e-03 ; 1.119453e-03 ; 4.602452e-03 ];
Tc_error_2  = [ 1.442785e+00 ; 1.447298e+00 ; 1.449666e+00 ];

%-- Image #3:
omc_3 = [ 2.699895e+00 ; -1.617512e+00 ; 1.630488e-02 ];
Tc_3  = [ 1.924244e+01 ; 2.291234e+02 ; 1.027479e+03 ];
omc_error_3 = [ 9.129420e-03 ; 4.684145e-03 ; 1.766399e-02 ];
Tc_error_3  = [ 2.907224e+00 ; 2.867346e+00 ; 3.046535e+00 ];

%-- Image #4:
omc_4 = [ -3.091966e+00 ; -4.660053e-02 ; 3.653685e-01 ];
Tc_4  = [ -1.082168e+02 ; 1.802365e+02 ; 9.168101e+02 ];
omc_error_4 = [ 5.566993e-03 ; 1.238738e-03 ; 8.992550e-03 ];
Tc_error_4  = [ 2.586608e+00 ; 2.554278e+00 ; 2.417861e+00 ];

%-- Image #5:
omc_5 = [ -2.424892e+00 ; -9.736571e-01 ; 4.371786e-01 ];
Tc_5  = [ -3.195530e+02 ; -7.975413e+01 ; 1.015992e+03 ];
omc_error_5 = [ 3.720637e-03 ; 1.575380e-03 ; 4.854146e-03 ];
Tc_error_5  = [ 2.905877e+00 ; 2.906778e+00 ; 2.651302e+00 ];

%-- Image #6:
omc_6 = [ -1.312915e+00 ; -2.317444e+00 ; 8.959911e-01 ];
Tc_6  = [ 1.989216e+02 ; -2.264962e+02 ; 1.043363e+03 ];
omc_error_6 = [ 2.850424e-03 ; 3.092802e-03 ; 5.087317e-03 ];
Tc_error_6  = [ 2.992189e+00 ; 2.936579e+00 ; 2.535504e+00 ];

%-- Image #7:
omc_7 = [ -1.722605e+00 ; -1.924592e+00 ; 1.168132e+00 ];
Tc_7  = [ 2.357180e+01 ; -7.841501e+01 ; 9.345985e+02 ];
omc_error_7 = [ 3.077836e-03 ; 2.161689e-03 ; 4.207655e-03 ];
Tc_error_7  = [ 2.625036e+00 ; 2.592345e+00 ; 2.014464e+00 ];

%-- Image #8:
omc_8 = [ -2.359302e+00 ; -1.418773e+00 ; 1.081299e+00 ];
Tc_8  = [ -2.647757e+02 ; -1.920712e+01 ; 9.434973e+02 ];
omc_error_8 = [ 3.667628e-03 ; 1.629817e-03 ; 4.570439e-03 ];
Tc_error_8  = [ 2.685567e+00 ; 2.685973e+00 ; 2.321986e+00 ];

%-- Image #9:
omc_9 = [ 2.828912e+00 ; 9.671359e-02 ; -1.349740e+00 ];
Tc_9  = [ 4.871277e+01 ; 1.077439e+02 ; 8.034984e+02 ];
omc_error_9 = [ 3.344204e-03 ; 1.902793e-03 ; 4.527707e-03 ];
Tc_error_9  = [ 2.265376e+00 ; 2.231844e+00 ; 1.824375e+00 ];

%-- Image #10:
omc_10 = [ -1.912450e+00 ; -1.859540e+00 ; -1.636851e-01 ];
Tc_10  = [ 1.127057e+02 ; -2.629535e+02 ; 9.115912e+02 ];
omc_error_10 = [ 4.129129e-03 ; 5.121364e-03 ; 8.366599e-03 ];
Tc_error_10  = [ 2.667001e+00 ; 2.638348e+00 ; 2.868693e+00 ];

%-- Image #11:
omc_11 = [ -1.985687e+00 ; -1.990610e+00 ; -4.514180e-01 ];
Tc_11  = [ -1.928914e+02 ; -2.615266e+02 ; 8.976263e+02 ];
omc_error_11 = [ 4.607037e-03 ; 4.332403e-03 ; 8.408315e-03 ];
Tc_error_11  = [ 2.583468e+00 ; 2.606301e+00 ; 2.711858e+00 ];

%-- Image #12:
omc_12 = [ -2.050864e+00 ; -2.127473e+00 ; -1.464628e-01 ];
Tc_12  = [ -1.369015e+02 ; -3.519561e+02 ; 9.362850e+02 ];
omc_error_12 = [ 7.605327e-03 ; 6.768844e-03 ; 1.429345e-02 ];
Tc_error_12  = [ 2.713100e+00 ; 2.694167e+00 ; 2.783330e+00 ];

%-- Image #13:
omc_13 = [ -2.971448e+00 ; -9.453608e-01 ; 2.517563e-01 ];
Tc_13  = [ -3.867663e+02 ; -9.581809e-02 ; 9.110873e+02 ];
omc_error_13 = [ 4.769675e-03 ; 1.104470e-03 ; 7.108124e-03 ];
Tc_error_13  = [ 2.587037e+00 ; 2.659141e+00 ; 2.558936e+00 ];

%-- Image #14:
omc_14 = [ -3.074653e+00 ; -1.084201e-01 ; 1.143856e-01 ];
Tc_14  = [ -3.522607e+02 ; 2.255705e+02 ; 8.729120e+02 ];
omc_error_14 = [ 4.723534e-03 ; 1.610344e-03 ; 7.252407e-03 ];
Tc_error_14  = [ 2.514490e+00 ; 2.546533e+00 ; 2.509788e+00 ];

%-- Image #15:
omc_15 = [ -2.684030e+00 ; 1.076205e+00 ; 5.213314e-01 ];
Tc_15  = [ 2.622907e+02 ; 6.526316e+01 ; 9.930332e+02 ];
omc_error_15 = [ 6.458959e-03 ; 2.221198e-03 ; 9.750154e-03 ];
Tc_error_15  = [ 2.826321e+00 ; 2.822038e+00 ; 2.396001e+00 ];

%-- Image #16:
omc_16 = [ -2.987833e+00 ; 7.422994e-02 ; 2.507468e-01 ];
Tc_16  = [ -1.198136e+02 ; 1.370822e+02 ; 9.895491e+02 ];
omc_error_16 = [ 6.093947e-03 ; 1.403700e-03 ; 9.679223e-03 ];
Tc_error_16  = [ 2.779253e+00 ; 2.763153e+00 ; 2.549848e+00 ];

%-- Image #17:
omc_17 = [ -2.990610e+00 ; -7.120465e-01 ; 3.459863e-01 ];
Tc_17  = [ -1.658906e+02 ; 1.176244e+02 ; 9.828581e+02 ];
omc_error_17 = [ 5.903919e-03 ; 1.503256e-03 ; 9.733425e-03 ];
Tc_error_17  = [ 2.763298e+00 ; 2.743631e+00 ; 2.566407e+00 ];

%-- Image #18:
omc_18 = [ -2.437003e+00 ; 1.015087e-02 ; 2.230103e-01 ];
Tc_18  = [ -7.324500e+01 ; 1.357502e+02 ; 5.716195e+02 ];
omc_error_18 = [ 2.960087e-03 ; 1.402183e-03 ; 3.569194e-03 ];
Tc_error_18  = [ 1.611511e+00 ; 1.595664e+00 ; 1.220226e+00 ];

%-- Image #19:
omc_19 = [ -2.594094e+00 ; -1.065964e+00 ; 2.137364e-01 ];
Tc_19  = [ -1.962743e+02 ; 7.579680e+01 ; 6.904655e+02 ];
omc_error_19 = [ 3.421479e-03 ; 1.609969e-03 ; 5.016834e-03 ];
Tc_error_19  = [ 1.943245e+00 ; 1.945695e+00 ; 1.789032e+00 ];

%-- Image #20:
omc_20 = [ -2.606439e+00 ; -3.893392e-02 ; 2.223221e-01 ];
Tc_20  = [ -8.480852e+01 ; 1.012719e+02 ; 7.331691e+02 ];
omc_error_20 = [ 3.313715e-03 ; 1.224419e-03 ; 4.461432e-03 ];
Tc_error_20  = [ 2.054904e+00 ; 2.041512e+00 ; 1.663453e+00 ];

%-- Image #21:
omc_21 = [ -2.505773e+00 ; -5.062384e-01 ; 8.378761e-01 ];
Tc_21  = [ -1.467051e+02 ; 1.999993e+02 ; 7.943584e+02 ];
omc_error_21 = [ 3.372461e-03 ; 1.693955e-03 ; 3.962212e-03 ];
Tc_error_21  = [ 2.282012e+00 ; 2.246724e+00 ; 1.894103e+00 ];

%-- Image #22:
omc_22 = [ -2.307142e+00 ; -1.216663e+00 ; 1.382344e+00 ];
Tc_22  = [ -7.006958e+01 ; -4.234249e+00 ; 7.454015e+02 ];
omc_error_22 = [ 3.447084e-03 ; 1.448367e-03 ; 3.970581e-03 ];
Tc_error_22  = [ 2.093223e+00 ; 2.064995e+00 ; 1.543278e+00 ];

%-- Image #23:
omc_23 = [ 2.700454e+00 ; 8.239633e-02 ; -1.501033e+00 ];
