<?xml version="1.0"?>
<opencv_storage>
<Intrinsics type_id="opencv-matrix">
  <rows>3</rows>
  <cols>3</cols>
  <dt>f</dt>
  <data>
    271.702485400626590 0. 166.225488977518180 0. 271.537135365038300 117.487394879076060 0.
    0. 1.</data></Intrinsics>
</opencv_storage>
