<?xml version="1.0"?>
<opencv_storage>
<Intrinsics type_id="opencv-matrix">
  <rows>3</rows>
  <cols>3</cols>
  <dt>f</dt>
  <data>
    270.263157376333540 0. 158.164002441361840 0. 270.084231438086590 126.709053007264500 0.
    0. 1.</data></Intrinsics>
</opencv_storage>
